’ 154 ·· 56555555

serus 262. 668 spico 118. 484
, servo 282. 616 55155 526
seu 52. 153. 189. 255. 662. 675. spiro 271. 675
676. 494. 495. 564. 565 515515 138
51 66. 76. 88. 117. 145. 174. spumosus 425
· 177. 185. 199. 224. 246. 279. stabulum 165
285. 659. 664. 466. 468. 416. stagnum 464
428. 469. 461. 467. 478. 525. sterilis 521
sibylla 95 sterno 487 ,
515 165. 185 248. 615. 684. stimulus 691 -
466. 421. 526. 569 stirps 166142. 187
Ι 515555 277 515166. 294647 .
- .’- Siculus 525 5151555116. 144. 476
“ 51551184 struo g442 .
sidus 146 ¹Strymonius 526
51555266. 666ἐ61 stupens 66 -
signum 22626 296 8155155673
silentium 68 55516. 81. 254. 281. 296. 626.
51155647. 65. 86. 167. 141. 671
162. 176. 216. 214. 252. 666. 55555 56. 111. 184. 257. 66.
461. 494. 566 426 .
81155555 26 subitus 469
simplex 621. 696 5511516555 474
· 5155 22. 65. 226 subter 466
5155 414 succedo 165
sinus, 5555515 retis 26. 36. 51· succingo 271
nus merim 66 55555 656
51515 485 55111515 145. 566
51115 688. 522 551522. 4151169. 218. se 56.
5155 54. 152. 188. 255. 676 166143 616. 512. 524
sociob , sum. est 66. 48. 51. 71. 7866
555155 665 126161176. 178. 192. 22
· 551422 216. 224. 249. 266. 266. m
solatium 466 285. 616. 612. 661. 666. 644
solertia 172 646. 651. 664. 666. 672. 382
solidus 278 1 ' 694. 412. 424. 466. 469. 416
solitus 286. 485 456. 468. 466. 472. 476. 418
5111116116 456 486. 499. 566. 512. 555175
55155476 ’ 166. 159. 462. 469. 561511
5615515. 518 82. 126. 298. 627. 5151266.
sonipes 46 eras 616. erat 4. 68. 71. 362
, sonitus 646 fuit 3. 76. 86. 67. 164. em
sorbeo 67 251. 5511666. foret 1761515-
sors 21. 267. 262 rus 268

spadix 592 summa 617. 668. 417
spargo 656. 665. 412. 475 summus 625

Sparta 212 555156. 66. 666. 446
spatium 61. 225. 227. 244. 416. super 287

526 ’ ’ superbus 66
spectassem. 256268 supero 678

- specto 41. 636 supersum 275
specus 436. 444 supervento 181
sperno 696 supplex 451. 482
spes 6 226. 226. 246. 372. 468 55555176. 647

 

