6111111. 111

*pinus 214. Γλυμπεῖς 661111- idaea 166161 19 ,
1116661161πὶ6 661141616161136116637. 173. 323. 483
conici, Polyb. 4, 33, 4. 3, 13661 171
4. ignarus 93 “ 0
616 313 Ι “ ignis 39. 270. 333. 417. 433
ns 327 1 nobilis 443
6 74. 216. 263 1116 271. 341
is 427 ’ ilicet 473 .
dim 233 ilignus 72 ,
s 43. 163. 366. 436 1116 27. 43. 33. 33. 93103133.
1 141 103. 123. 134. ,131. 133133.
1 223 133. 137. 206. 209. 273. w.
1 94. 209. 317. 333 237. 291. 202 273. 333. 312.
is 122 923. 324. 329. 332. 333. 373.
ns 91. 323 333. 400. 424. 434. 437. 433.
is 493 472. 333. 311. 323. 320. 337
ionius 47 imago 323
16 233. nsi. 470 inbellis 40. 433
66 214. 213. 230 imber 34. 149
6111. 113127. 137147 11661116 60 ·
stiiides 213 imitor 333
103 , immanis 233
6 133 immensus 117
‚is 123 immundus 73
impar 31
⁴ impatiens 274. 234. 272

nonomen 13. 21. 7333143. impello 33
i. 132. 202. 217* 249. 233. impendium 33. 173. 333
1. 263. 273. 234 300. 309. impendo 234

1..330 331. 344. 377. 371.1616611616323
1. 432 impetro 72. 437. 433
3611611161 223 330. 443 impetus 123
7. 9. 330. 447. 463. 472 impiger 333
mins 416 ’ 16161166 ei
1239 , Ι 1166666 324. 332
mun 41. 313 “ , improvisus 34

4 imprudens 34
· 72. 263. 291. 723. 373. imus 333. 341
1. 433. 492. 307 16 cum accusativo 39. 33. 97.
143 131. 147. 217. 237. 273. 230.
30. 43. 132. 171. 133. 231. 306. 337. 370. 392. 423. 473.
ῖ. 231. 333. 334 303. 312. 333
33. 434 cum ablativo 2. 4. 44. 31. 67.
nus 310 104. 103. 113. 137. 130. 133.
131 103. 176. 277. 331. 364. 381. .
130. 143 394. 410. 4301449. 431. 433.
1233 439. 436. 323 f
16116 131. 103 inclamo 430
277 includo 49. 230. 333
nior 333 · 166616 433
ii 173. 270 incommodus 300
161 122 inconditus 337. 333
23. 234. 233. 2321 333 inconsultus 4. 194
70 ‚ incultus 23
6114 incumbo 227. 244 421 ’

ι’

 

