. 1111111..

467 1111111166657
’6. 412 ensis 112
. eo, ire 126. 466. 447

11272 · 61111162

1. 127. 180. 682. 414. 455. 1111111467. 507. 514. 518

1111180. 486 ergo 52. 76. 105140. 246. 251.

11166. 208 266. 626. 667. 684. 662. 401.

os 156 1111 115166. 164. 645

116 · 111114 -

11111645 „ 116....8182022..2661.66

1. 66164. 256. 456 56. 61. 64. 66. 72. 76. 78. 81.

26.65.146.155.166. 82. 68. 101.167.166.111.

284286260646416.112.116.126.161.144.146.
146. 166. 168. 172. 176. 176.

526 180. 186. 186161. 166166.

ix 16 206. 212. 217. 226. 266. 240.

257. 660, 246. 247. 258. 266. 266. 270.

166. 200. 265. 466 278. 285. 616. 620. 627. 665.

1. 466. ’666. 646. 645. 648. 666. 666.

1526 674. 680. 682. 685 660. 665.

pavidos 6111111206 464. 405. 416. 414. 417. 426.

2 · 426. 466. 445. 450. 458. 460.

174 466. 470. 485. 487. 488. 460.

54 646. 677.Ι 471 481 511. 516. 566. 540 ’

o, 111111191(.1[ 011. ley- 11-11 26. 257. 601. 666. 664.

7.111111111Μ111’1.14,26.6. 420 .

111.) 408 11- -que 164. 415

286 etiam 57. 86. 122126. 127. 256.

1111611265. 616 618. 268. 615. 644. 508. 526.

11.48 251. 656 11111811081111111111111460

,46 .156. 168. 260. 626. 654.

444. 475. of. ex. . 11111111 256

167 , 1111111286

448 excipio 110

266. 674 111111 226

267 ·, 11111111 170. 466. 511

to 668 ¹ exedo 461

1 276 exeo 166. 167. 672. 414. 465

1111676 - exerceo 261

1266 1111111166 -

1. 277 , exigo 12. 76144. 476

us 181. 662 1113111115. 118150. 258 626

us 226 exordior 24

otum 666 experientia 4e7

504 experior 116. 266. 650

1520 expono 87

88 · 11111611 426 ’

1 655 exterreo 45

o 167 extera 1111111225

1282 extollo 156

446 extremus 180

666 extorris 447

1. .

Ι

’7

..1

 

