,0011110 , zue ·

844 ros 87

1147 10000188.848.488.444 ’

mtmoqaevums'e: -.117 184. 100 {mm

ιο. 477. 804. 888. 880. 00010000 480

18. ne quis 84. 880. 817. 01 1010οιιιΙ 844 488 ,
ris 78 88. 148. 884. 478100 818

qua 100 sabaeus 188

10010 00. 100 sacer 408·

que 11. 188. 441 sacerdos 440

mis 481 0001011001 888

:ires 188 sacrum 48. 480. 488. 484. 487.
01010 180, 104. 800 481

lue 018. 880 saepe 04. 480

1000 880 Saetabis 41

²s 880

[s 448. 440. 480

0884

ιιι 0188

ι 0. 811. 887

10 000

010 488 saluber 181

10 7 sanctus 488 441

0408 sandyx 80 . · ”
0880. 840. 808. ‚M 0004010100. 1188118888
ιο 411 101111ομ78. 101. 888

us 401 sexum 008

10 881 , scabies 408

’0 000. 400 Ι000100 440

οἰζ4 0011110801 108. 817. 888. 848· 484·
0 0 8 ·

um 808881 0010 800

887 scruposas 814

1000108. 800 0000 888
000 7 secundus 807

0000110 08

Q .

’ 00010. 48.Ι 81. 118180. 188. .

11014171.- 880 101. 107. 808. 810. 818. 880.

10848 870. 010. 881. 410. 488 488.
4140046 80 . 004οι03 817. 484
100 880 00000 800

1. 08. 80. 08. 810. 880. 487. semen 108
8 semideus 08

,010 480 semiferus 880
mdes 00. 78. 408 semper 818. 881
ι 817. 407 senex 100
seni 88
ν000000 108. 810
sequax 411
seq uer 11. 108. 801. 888. 804·
010. 088. 480
r-ih'gnum 08 80100 180
τ’ 144 ⁴⁶⁴ Zeeffiffm
0 ..

 

