410 1001144104 004111.

unguis 511 · uestigium 201·. 268. 245. 276.
unquam 451 282
unus 178216. 220. 280. 028. veternus 477
681. 410. 417 1010 58
ursus 40 1010162 - ·-
usque 26 110 5. 218. 668. 657. 600. 406.
11111027. 41. 51. 60. 84. 86. 414. 465
- 110. 122. 104106. 216. 68011010 642. 680
565. 540 viceni 31
0126. 68. 110. 2662406011. 110011 682
422. ubi 421 “· 11010110 246. 666
uterque 158. 666 ” video 62. 101. 218. 465.

· utinam 172. 524 ’ vigilo 667

vaco 487 vius 211. 001
uiuum 424 , vunnu 01. 01. 100. 1100400400

. vagus 114 ’ 466. 464. 527

valeo 80. 85. 670. 456. 562 1111001415
validus 108. 127. 274. 665. 46611010060 6
101110 65. 52. 102. 128. 421 1111411116. 162. 146
vanus 160. 166 . virgo 466

· vapor 226. 675 viridium· '

Ι varius 166. 681 virosus 655Ι ·

rusa 216 virtus 6. 167. 176. 170. 168. 210
10 115. 260. 456. 510 254. 626. 625. 500. 500
vehemens 152. 466 110 74. 208. 071
vehementia 161. 262. 472 viscera 688
1115 1456015. 04ος 404 51118011104141108101. 011. uu
veuabulum 108 ’ 661. 667. 675. 420. 472. 406.
1011010106 516
venenum 406 1110 420 . .
veui· 672 vivus 404. 464

’ 101110 66. 175. 170. 247. 670. vix 42. 217. 287. 200. 510. 561.

⁴ 445. 400. 500 562 .
101101· 1. 26. 167. 566 1000 180. 441. 482

· 1011101271 1010 62. 176. 261. 278. 536

ventus 422 volucer 126. 202
Venus 67. 120. 166. 267. 281. voluntas 256
284 voluptas 286
vermiculus 087 vox 261. 255
vero 264 70100111011400
vorsus 144 Vulcanus 406. 467
versutus 182. 201 vulgo 211
verto 244. 602 vulgus 08. 070. 412. 427 ¹
Ι1011111110 206 vulnus 100. 116. 126. 645. 652
1010111206 654. 664. 665. 607
’ 1010011110 1010111002ὄο
7011101266 vultur 75. 70 .,
vester 211 vultus 266

 

